   7       0 loop0 9 0 24 16 0 0 0 0 0 24 16 0 0 0 0 0 0
   7       1 loop1 52 0 2156 1080 0 0 0 0 0 1076 1080 0 0 0 0 0 0
   7       2 loop2 55 0 2140 2686 0 0 0 0 0 2648 2686 0 0 0 0 0 0
   7       3 loop3 53 0 2132 263 0 0 0 0 0 264 263 0 0 0 0 0 0
   7       4 loop4 50 0 2164 672 0 0 0 0 0 680 672 0 0 0 0 0 0
   7       5 loop5 52 0 2154 552 0 0 0 0 0 556 552 0 0 0 0 0 0
   7       6 loop6 50 0 728 1389 0 0 0 0 0 1412 1389 0 0 0 0 0 0
   7       7 loop7 0 0 0 0 0 0 0 0 0 0 0 0 0 0 0 0 0
 259       0 nvme0n1 120378 27891 10143564 46370 242214 13419 2949538 79882 0 922964 197840 0 0 0 0 195799 71587
 259       2 nvme0n1p1 193 2121 17370 36 3 0 10 0 0 76 37 0 0 0 0 0 0
 259       3 nvme0n1p2 168 46 12394 14 40 15 336 13 0 108 28 0 0 0 0 0 0
 259       4 nvme0n1p3 119918 25724 10109136 46310 242171 13404 2949192 79867 0 922856 126178 0 0 0 0 0 0
 259       1 nvme1n1 110635 3602 11172818 42277 670499 1185073 28686816 646768 0 1659828 746097 0 0 0 0 195782 57050
   8       0 sda 449771 77780 25078608 56264825 943060 233796 417146600 19826304 0 9458260 81171800 0 0 0 0 195765 5080670
 252       0 dm-0 787329 0 46354298 61736552 2712325 0 448782608 18699648 1 9404812 80436200 0 0 0 0 0 0
