   7       0 loop0 11 0 28 16 0 0 0 0 0 28 16 0 0 0 0 0 0
   7       1 loop1 72 0 2258 1082 0 0 0 0 0 1092 1082 0 0 0 0 0 0
   7       2 loop2 391 0 3562 2690 0 0 0 0 0 2704 2690 0 0 0 0 0 0
   7       3 loop3 101 0 2334 264 0 0 0 0 0 272 264 0 0 0 0 0 0
   7       4 loop4 668 0 5102 674 0 0 0 0 0 716 674 0 0 0 0 0 0
   7       5 loop5 1380 0 7976 557 0 0 0 0 0 632 557 0 0 0 0 0 0
   7       6 loop6 50 0 728 1389 0 0 0 0 0 1412 1389 0 0 0 0 0 0
   7       7 loop7 0 0 0 0 0 0 0 0 0 0 0 0 0 0 0 0 0
 259       0 nvme0n1 292766 150515 12873260 60293 613009 18265 6961314 236755 0 2481320 511367 0 0 0 0 534256 214318
 259       2 nvme0n1p1 209 2121 17386 39 3 0 10 0 0 80 40 0 0 0 0 0 0
 259       3 nvme0n1p2 168 46 12394 14 40 15 336 13 0 108 28 0 0 0 0 0 0
 259       4 nvme0n1p3 292290 148348 12838816 60230 612966 18250 6960968 236741 0 2481208 296971 0 0 0 0 0 0
 259       1 nvme1n1 191836 62283 12299562 50085 1824654 2956527 83219792 1799539 0 4487536 2008178 0 0 0 0 534239 158553
   8       0 sda 639688 186487 28378448 57327311 2246323 559362 1096697240 48508322 0 20169128 117326072 0 0 0 0 534222 11490438
 252       0 dm-0 1520831 0 53510562 65423720 6646885 0 1186878000 43294548 1 20057744 108718268 0 0 0 0 0 0
